Jason Cooper, 
48.20, 54.43, 41.97, 93.55, 98.81
Sadie Long, 
45.70, 25.43, 68.06, 61.39, 3.22
Christian Bell, 
15.09, 20.56, 69.98, 0.07, 39.69
Emily Russell, 
47.07, 8.36, 87.98, 99.46, 89.53
Lillian Sanchez, 
79.21, 85.06, 20.55, 50.12, 56.60
Nathan Mitchell, 
56.04, 70.64, 91.28, 96.61, 65.20
Abigail Stewart, 
25.09, 42.58, 57.21, 37.12, 89.84
Abigail Wood, 
59.65, 51.02, 30.63, 36.09, 83.29
Grayson Brown, 
74.92, 42.14, 70.21, 37.07, 65.29
Violet Mitchell, 
94.51, 52.92, 40.89, 69.71, 3.87
Zoe Bryant, 
9.59, 60.36, 55.34, 98.23, 14.21
Gavin Foster, 
63.30, 70.58, 81.88, 64.17, 45.70
Mila Morgan, 
86.83, 58.47, 43.59, 23.89, 12.53
Mila Coleman, 
88.89, 55.59, 97.21, 73.42, 86.15
Hunter Rivera, 
3.05, 84.04, 28.30, 73.48, 91.04
Hayden Rivera, 
35.21, 5.82, 14.11, 10.15, 29.01
Cooper Jenkins, 
96.21, 54.54, 12.89, 75.45, 54.97
Hunter Morgan, 
62.36, 70.53, 36.95, 23.93, 30.18
Makayla Kelly , 
17.98, 56.27, 52.53, 43.48, 50.26
Alexander Foster, 
86.35, 30.57, 7.41, 80.89, 57.09
Chloe Stewart, 
60.00, 85.00, 31.59, 9.47, 95.36
Stella Peterson, 
56.10, 47.85, 70.83, 6.57, 30.75
Matthew Ramirez, 
22.82, 53.78, 71.50, 39.71, 76.82
Nathaniel Hall, 
0.40, 50.83, 92.15, 65.50, 65.07
Clara Phillips, 
51.65, 65.76, 81.74, 48.42, 60.27
Asher Peterson, 
68.38, 73.61, 13.15, 24.57, 7.96
Austin Watson, 
27.76, 51.83, 4.73, 66.82, 80.60
Lyla Ross, 
70.46, 25.45, 59.15, 82.33, 16.26
Nolan Cooper, 
26.78, 94.60, 92.85, 57.02, 64.97
Blake Powell, 
43.55, 6.56, 83.75, 98.09, 85.76
Michael James , 
9.92, 90.10, 93.11, 66.30, 54.91
Kaitlyn Stewart, 
74.51, 1.05, 82.10, 55.79, 94.98
Cooper Reed, 
37.15, 57.21, 8.18, 49.10, 32.76
Michael Robinson, 
82.82, 46.26, 65.59, 0.54, 25.54
Eli Brown, 
84.78, 7.15, 4.25, 74.51, 81.04
Reagan Brown, 
27.89, 60.97, 81.81, 27.51, 71.73
James Butler, 
86.83, 81.16, 41.00, 68.86, 88.98
Brandon Adams, 
77.49, 59.05, 91.28, 21.73, 23.47
Joseph Howard, 
10.59, 8.21, 28.80, 60.60, 41.71
Tyler Simmons, 
62.91, 36.16, 31.67, 32.97, 97.09
Aubrey White , 
43.94, 14.38, 69.39, 45.20, 69.48
Elena Sanchez, 
31.60, 45.54, 88.16, 10.52, 96.50
Nevaeh Alexander, 
91.14, 0.61, 64.28, 12.39, 71.71
Kylie Thomas, 
27.22, 68.63, 76.94, 61.22, 59.10
Caroline Bell, 
34.64, 2.94, 40.18, 25.63, 74.99
Reese Clark, 
63.92, 95.65, 88.82, 50.39, 92.41
James Young, 
71.18, 12.98, 99.77, 16.12, 84.75
Owen Lewis, 
58.10, 14.48, 6.97, 91.71, 68.36
Ellie Lewis, 
31.55, 92.53, 13.06, 37.53, 29.13
Cooper Hughes, 
14.54, 44.67, 23.17, 76.51, 56.57
Cole Morris, 
41.07, 7.17, 86.95, 0.31, 46.23
Julian Kelly , 
85.72, 86.15, 85.58, 28.77, 75.00
Nathan Hall, 
43.63, 11.49, 64.58, 88.80, 74.11
Hayden Garcia, 
62.65, 48.68, 43.20, 0.16, 20.63
Mason Sanchez, 
79.76, 48.59, 80.77, 20.16, 66.88
Christian Gonzales, 
74.32, 97.44, 1.86, 60.24, 14.98
Julia Watson, 
7.06, 62.85, 64.22, 6.85, 3.61
Lily Cook, 
72.64, 46.05, 82.07, 89.34, 65.01
Brandon Torres, 
68.50, 99.33, 67.76, 41.35, 44.27
Dominic Campbell, 
6.59, 82.03, 43.62, 70.22, 76.16
Hannah Carter, 
59.20, 16.13, 30.07, 11.55, 52.25
Logan Adams, 
11.92, 52.56, 78.09, 98.79, 23.64
Taylor Perez , 
43.47, 42.02, 27.55, 25.84, 86.75
Thomas Jones, 
51.28, 93.34, 73.62, 33.75, 47.28
Henry Jackson, 
22.59, 35.60, 17.50, 35.90, 18.25
Arianna Sanchez, 
59.94, 33.31, 84.00, 6.46, 58.85
Bailey Johnson, 
16.36, 44.67, 81.74, 80.31, 97.64
Nora Howard, 
84.21, 7.29, 22.99, 86.75, 27.65
Emma Robinson, 
39.26, 93.15, 87.08, 95.42, 15.80
Hunter Adams, 
76.28, 19.84, 69.09, 71.15, 39.66
Leah Cox, 
21.42, 87.01, 54.86, 9.79, 24.04
Chase Wilson, 
5.24, 68.30, 45.31, 63.01, 73.26
Emma Wilson, 
93.40, 5.63, 4.64, 78.43, 56.41
Alyssa Young, 
99.68, 22.05, 17.74, 77.43, 31.98
Dylan Morgan, 
69.05, 77.98, 1.40, 3.76, 89.63
Carter White , 
1.73, 4.88, 76.15, 77.18, 33.59
Brandon Hill, 
43.67, 94.72, 48.67, 28.80, 69.15
Natalie Sanders, 
48.85, 43.63, 34.64, 80.02, 87.57
Joseph Nelson, 
26.15, 91.87, 7.33, 83.66, 64.22
Kaitlyn Allen, 
84.76, 30.69, 25.62, 67.67, 28.54
Owen Gray, 
17.33, 37.90, 53.72, 10.43, 85.63
Brooklyn Phillips, 
64.06, 78.28, 53.67, 72.79, 76.20
Max Rodriguez, 
41.19, 35.57, 83.04, 41.12, 24.40
Alice Bryant, 
71.18, 39.81, 56.76, 40.04, 92.23
Joshua Martin, 
44.99, 98.60, 62.08, 93.23, 60.44
John Richardson, 
19.76, 18.60, 72.22, 18.20, 41.80
Lauren Robinson, 
8.88, 61.72, 16.92, 73.94, 31.43
Jackson Richardson, 
25.04, 67.51, 54.12, 16.20, 37.48
Sarah Jenkins, 
4.05, 5.11, 6.73, 23.39, 91.08
Benjamin Walker, 
25.48, 47.93, 31.68, 13.62, 86.69
Hudson Johnson, 
17.69, 21.81, 0.57, 42.13, 91.61
Cole Murphy, 
92.37, 65.90, 34.68, 52.57, 58.16
Ethan Kelly , 
76.33, 96.66, 17.71, 53.44, 32.04
Mackenzie Flores, 
4.77, 58.51, 79.46, 92.19, 88.20
Connor Garcia, 
15.41, 67.22, 90.02, 17.07, 75.19
Lillian Martin, 
94.90, 81.40, 95.90, 3.99, 89.63
Addison Flores, 
76.27, 64.12, 90.81, 66.88, 24.58
Elise Parker, 
38.03, 41.31, 61.32, 14.60, 89.25
Leo Russell, 
30.54, 67.67, 74.64, 16.49, 62.54
Gabriella Taylor, 
39.76, 67.03, 21.60, 7.82, 58.29
